401704627
401704628
401704629
401704630
401704631
401704632
401704633
401704634
401704635
401704636
401704637
401704638
401704639
401704640
401704641
401704642
401704643
401704644
401704645
401704646
401704647
401704648
401704649
401704650
401704651
401704652
401704653
401704654
401704655
401704656
401704657
401704658
401704659
401704660
401704661
401704662
401704663
401704664
401704665
401704666
401704667
401704668
401704669
401704670
401704671
401704672
401704673
401704674
401704675
401704676
401704677
401704678
401704679
401704680
401704681
401704682
401704683
401704684
401704685
401704686
401704687
401704688
401704689
401704690
401704691
401704692
401704693
401704694
401704695
401704696
401704697
401704698
401704699
401704700
401704701
401704702
401704703
401704704
401704705
401704706
401704707
401704708
401704709
401704710
401704711
401704712
401704713
401704714
401704715
401704716
401704717
401704718
401704719
401704720
401704721
401704722
401704723
401704724
401704725
401704726
401704727
401704728
401704729
401704730
401704731
401704732
401704733
401704734
401704735
401704736
401704737
401704738
401704739
401704740
401704741
401704742
401704743
401704744
401704745
401704746
401704747
401704748
401704749
401704750
401704751
401704752
401704753
401704754
401704755
401704756
401704757
401704758
401704759
401704760
401704761
401704762
401704763
401704764
401704765
401704766
401704767
401704768
401704769
401704770
401704771
401704772
401704773
401704774
401704775
401704776
401704777
401704778
401704779
401704780
401704781
401704782
401703370
401703371
401703372
401703373
401703374
401703375
401703376
401703377
401704783
401704784
401704785
401704786
401704787
401704788
401704789
401704790
401704791
401704792
401704793
401704794
401703378
401703379
401703380
401703381
401703382
401703383
401703384
401703385
401703386
401703387
401703388
401703389
401704795
401704796
401704797
401704798
401704799
401704800
401704801
401704802
401704803
401704804
401704805
401704806
401704807
401704808
401704809
401704810
401704811
401704812
401704813
401704814
401704815
401704816
401704817
401703390
401703391
401703392
401703393
401703394
401703395
401704818
401704819
401704820
401704821
401704822
401704823
401704824
401704825
401704826
401704827
401704828
401704829
401703396
401703397
401703401
401703398
401703399
401703400
401703402
401703403
401704830
401704831
401704832
401704833
401704834
401704835
401704836
401704837
401704838
401704839
401704840
401704841
401704842
401704843
401704844
401704845
401704846
401704847
401704848
401704849
401704850
401704851
401703404
401703405
401703406
401703407
401703408
401704852
401704853
401704854
401704855
401704856
401704857
401704858
401704859
401704860
401704861
401704862
401704863
401704864
401704865
401703409
401703410
401703411
401703412
401703413
401703414
401703415
401703416
401703417
401703418
401704866
401704867
401704868
401704869
401704870
401704871
401704872
401704873
401704874
401704875
401704876
401704877
401704878
401704879
401704880
401704881
401704882
401704883
401704884
401703419
401703420
401703421
401703422
401703423
401703424
401703425
401703426
401703427
401703428
401703429
401704885
401704886
401704887
401704888
401704889
401704890
401704891
401704892
401704893
401704894
401704895
401704896
401704897
401704898
401704899
401704900
401704901
401704902
401704903
401704904
401704905
401704906
401704907
401704908
401704909
401704910
401704911
401704912
401704913
401704914
401704915
401704916
401704917
401704918
401704919
401704920
401704921
401704922
401704923
401704924
401704925
401734902
401734903
401734904
401734905
401736799
401736800
401736801
401736802
401736803
401736804
401736805
401736806
401736807
401736808
401736809
401734906
401734907
401736810
401736811
401737902
401736812
401736813
401737912
401736814
401736815
401736816
401736817
401736818
401736819
401736820
401704926
401704927
401704928
401704929
401704930
401704931
401704932
401704936
401704934
401704935
401704933
401704937
401704938
401704939
401704940
401704941
401704942
401704943
401704944
401704945
401704946
401704947
401704948
401704949
401704950
401704951
401704952
401704953
401704954
401704955
401704956
401704957
401704958
401704959
401704960
401704961
401704962
401704963
401704964
401704965
401704966
401704967
401704968
401704969
401704970
401704971
401704972
401704973
401704974
401704975
401704976
401704977
401704978
401704979
401704980
401704981
401704982
401704983
401704984
401704985
401704986
401704987
401704988
401704989
401704990
401704991
401704992
401704993
401704994
401704995
401704996
401704997
401704998
401704999
401705000
401705001
401705002
401705003
401705004
401705005
401705006
401705007
401705008
401705009
401705010
401705011
401705012
401705013
401705014
401705015
401705016
401705017
401705018
401705019
401705020
401705021
401705022
401705023
401705024
401705025
401705026
401705027
401705028
401705029
401705030
401705031
401705032
401705033
401705034
401705035
401705036
401705037
401705038
401705039
401705040
401705041
401705042
401705043
401705044
401705045
401705046
401705047
401705048
401705049
401705050
401705051
401705052
401705053
401705054
401705055
401705056
401705057
401705058
401705059
401705060
401705061
401705062
401705063
401705064
401705065
401705066
401705067
401705068
401705069
401705070
401705071
401705072
401705073
401705074
401705075
401705076
401705078
401705077
401705079
401705080
401705081
401705082
401705083
401705084
401705085
401705087
401705086
401705088
401705089
401705091
401705092
401705093
401705094
401705095
401705096
401705097
401705099
401705100
401705101
401705102
401705105
401705106
401705107
401705108
401705109
401705110
401705111
401705112
401705113
401705114
401705115
401705116
401705117
401705118
401705119
401705120
401705121
401705122
401705123
401705124
401705125
401705126
401705127
401705128
401705129
401705130
401705132
401705133
401705134
401705135
401705131
401705136
401705137
401705138
401705139
401705140
401705141
401705142
401705143
401705144
401705145
401705146
401705147
401705150
401705149
401705148
401705151
401705152
401705153
401705154
401705155
401705156
401705157
401705158
401705159
401705160
401705161
401705162
401705163
401705164
401705165
401705166
401705167
401705168
401705169
401705170
401705171
401705177
401705172
401705173
401705174
401705175
401705176
401705178
401705179
401705180
401705181
401705182
401705184
401705185
401705186
401705187
401705188
401705189
401705191
401705190
401705192
401705194
401705195
401705549
401705196
401705197
401705198
401705199
401705200
401705201
401705202
401705203
401705204
401705205
401705206
401705207
401705208
401705209
401705210
401705211
401705212
401705213
401705214
401705215
401705216
401705217
401705218
401705219
401705220
401705221
401705222
401705223
401705224
401705225
401705226
401748705
401705227
401705228
401705229
401705230
401705231
401705232
401705233
401705234
401705235
401705236
401705237
401705238
401705239
401705240
401705241
401705243
401705242
401705244
401705245
401705246
401705247
401705248
401705249
401705250
401705251
401705252
401705253
401705254
401705255
401705256
401705257
401705258
401705259
401705260
401705261
401705262
401705263
401705264
401705265
401705266
401705267
401705268
401705270
401705271
401705269
401705272
401705273
401705274
401705275
401705278
401705276
401705277
401705279
401705280
401705281
401705282
401705283
401705284
401705285
401705286
401705287
401705288
401705289
401705291
401705292
401705290
401705293
401705294
401705295
401705296
401705297
401705298
401705299
401705300
401705301
401705302
401705303
401705304
401705305
401705306
401705307
401705308
401705309
401705310
401705311
401705312
401705313
401705314
401705315
401705316
401705317
401705318
401705319
401705320
401705321
401705322
401705323
401705324
401705325
401705326
401705327
401705328
401705329
401705334
401705330
401705331
401705332
401705333
401705335
401705336
401705337
401705338
401705339
401705340
401705341
401705342
401705343
401705344
401705345
401705346
401705347
401705348
401705349
401705350
401705351
401705352
401705353
401705570
401748704
401705354
401705355
401705356
401705357
401705358
401705359
401705360
401705361
401705362
401705363
401705364
401705365
401705366
401705368
401705369
401705367
401705370
401705371
401705372
401705373
401705374
401705375
401705376
401705377
401705378
401705379
401705380
401705381
401705382
401705383
401705384
401705385
401705386
401705387
401705388
401705389
401705390
401705391
401705392
401705393
401705394
401705395
401705396
401705397
401705398
401705399
401705400
401705401
401705402
401705403
401705404
401705405
401705406
401705407
401705408
401705409
401705410
401705411
401705412
401705413
401705414
401705415
401705416
401705417
401705418
401705419
401705420
401705421
401705422
401705423
401705424
401705425
401705426
401705427
401705428
401705429
401705430
401705431
401705432
401705433
401705434
401705435
401705436
401705437
401705438
401705439
401705440
401705441
401705442
401705443
401705444
401705445
401705446
401705447
401705448
401705449
401705450
401705451
401705452
401705453
401705454
401705455
401705456
401705457
401705458
401705459
401705460
401705463
401705462
401705461
401705464
401705510
401705465
401705466
401705467
401705468
401705469
401705470
401705471
401705472
401705473
401705474
401705475
401705476
401705477
401705478
401705479
401705480
401705481
401705482
401705483
401705484
401705485
401705486
401705487
401705489
401705490
401705488
401705491
401705492
401705493
401705494
401705495
401705496
401705497
401705498
401705499
401705500
401705501
401705502
401705503
401705504
401705505
401705506
401705507
401705508
401705509
401705511
401705512
401705513
401705514
401705515
401705516
401705517
401705518
401705519
401705520
401705521
401705522
401705707
401705523
401705524
401705525
401705526
401705527
401705528
401705529
401705530
401705531
401705532
401705533
401705534
401705535
401705536
401705537
401705538
401705539
401705540
401705541
401705542
401705545
401705543
401705544
401705546
401705547
401748706
401705548
401705550
401705551
401705552
401705553
401705555
401705556
401705557
401705558
401705561
401754705
401705559
401705560
401705578
401705563
401705564
401705565
401705566
401705567
401705568
401705569
401705193
401705572
401705573
401705574
401705575
401705576
401705577
401705571
401705579
401705562
401705580
401705581
401705582
401705583
401705584
401705585
401705586
401705587
401705588
401705589
401705590
401705591
401705592
401705593
401705594
401705595
401705596
401705597
401705598
401705599
401705600
401705601
401705602
401705603
401705604
401705605
401705606
401705607
401705608
401705609
401705610
401705611
401705612
401705613
401705614
401705615
401705616
401705617
401705618
401705619
401705620
401705621
401705622
401705623
401705624
401705625
401705626
401705627
401705628
401705629
401705630
401705631
401705632
401705633
401705634
401705635
401705636
401705637
401705638
401705639
401705640
401705641
401705642
401705643
401705644
401705645
401705646
401705647
401705648
401705649
401705650
401705651
401705652
401705653
401705654
401705655
401705656
401705657
401705658
401705659
401705660
401705661
401705662
401705663
401705664
401705667
401705554
401705665
401705666
401705668
401705669
401705670
401705671
401705672
401705673
401705675
401705676
401705674
401705677
401705678
401705681
401705679
401705680
401705682
401705683
401705684
401705685
401705686
401705687
401705688
401705689
401705690
401705691
401705692
401705693
401705694
401705695
401705696
401705697
401705698
401705699
401705700
401705701
401705702
401705703
401705704
401705705
401705706
401705708
401705709
401754706
401705710
401705711
401705712
401705713
401705714
401705715
401705716
401705717
401705718
401705719
401705720
401705721
401705722
401705723
401705724
401705725
401705726
401705728
401705729
401705730
401705731
401705732
401705733
401705734
401705735
401705727
401705736
401705737
401705738
401705739
401705740
401705741
401705742
401705743
401705744
401705745
401705746
401705747
401705748
401705749
401705750
401705751
401705752
401705753
401705754
401705755
401705756
401705757
401705758
401705759
401705760
401705761
401705762
401705763
401705764
401705765
401705766
