401809243
401809244
401809234
401809933
401809934
401809935
401809936
401809937
401809938
401809939
401809940
401809235
401809941
401809942
401809236
401809237
401809946
401809943
401809944
401809945
401809947
401809948
401809949
401809950
401809951
401809952
401809953
401809954
401809955
401809956
401809957
401809958
401809959
401809960
401809961
401809962
401809963
401809964
401809965
401809966
401809967
401809968
401809245
401809969
401809970
401809971
401809972
401809973
401809974
401809975
401809246
401809976
401809977
401809978
401809979
401809980
401809981
401809982
401809986
401809983
401809984
401809985
401809987
401809988
401809989
401809990
401809991
401809992
401809993
401809994
401809995
401809996
401809502
401809503
401809504
401809505
401809506
401809507
401809508
401809509
401809997
401809998
401809999
401810000
401810001
401810002
401810003
401810004
401810005
401810006
401810007
401810008
401810009
401810010
401810011
401810012
401810013
401810014
401810015
401810016
401810017
401810018
401810019
401810020
401810021
401810022
401810023
401810024
401810025
401810026
401810027
401810028
401810029
401810030
401810031
401810032
401810033
401810034
401810035
401810036
401810037
401809510
401809511
401809512
401809773
401809774
401809775
401809776
401809777
401809778
401809779
401809780
401810038
401810039
401810040
401810041
401810042
401810043
401810044
401810045
401810046
401810047
401810048
401810049
401810050
401810051
401810052
401810053
401810054
401810055
401810056
401810057
401810058
401810059
401810060
401810061
401810062
401810063
401810064
401810065
401810066
401810067
401810068
401810069
401810070
401810071
401810072
401810073
401810074
401810075
401810076
401810077
401810078
401810079
401810080
401810081
401810082
401809781
401809782
401809783
401809784
401809785
401809786
401809787
401809788
401809789
401810083
401810084
401810085
401810086
401810087
401810088
401810089
401810090
401810091
401810092
401810093
401810094
401810095
401810096
401810097
401810098
401810099
401810100
401810101
401810102
401810103
401810104
401810105
401810106
401810107
401810108
401810109
401810110
401810111
401810113
401810112
401810114
401810115
401810116
401810117
401810118
401810119
401810120
401810121
401810122
401809790
401809791
401809792
401809793
401809794
401809795
401809796
401809797
401809798
401810123
401810124
401810125
401810126
401810127
401810128
401810129
401810130
401810131
401810132
401810133
401810134
401810135
401810136
401810137
401810138
401810139
401810140
401810141
401810142
401810143
401810144
401810145
401810146
401810147
401809799
401809800
401809801
401809802
401809803
401809804
401809805
401809806
401809807
401809808
401809809
401809810
